100
6 543.22 243.04 536.09 261.45 537.46 343.52 646.92 422.71 661.23 420.17 643.90 175.46
3 882.64 110.09 925.91 -19.72 855.91 -19.72
6 231.43 209.12 226.04 222.70 303.22 298.87 306.06 298.40 339.35 244.25 325.39 154.72
4 571.42 916.76 511.73 929.64 501.47 1005.72 599.22 1005.72
8 435.23 -19.72 381.65 -19.72 348.21 49.98 325.44 101.72 326.25 103.14 384.37 126.13 434.50 120.97 487.75 95.18
6 416.10 376.00 491.17 369.69 537.46 343.52 536.09 261.45 444.75 296.70 403.53 368.28
6 578.32 908.34 571.42 916.76 599.22 1005.72 671.33 1005.72 648.42 912.87 601.62 896.69
5 701.04 475.94 661.31 601.50 693.80 628.23 699.29 622.27 737.32 527.20
6 325.44 101.72 273.57 99.72 245.89 106.10 231.43 209.12 325.39 154.72 326.25 103.14
5 674.04 865.50 677.27 857.49 657.65 820.78 616.95 786.35 606.26 865.50
6 57.18 234.87 135.77 244.33 158.90 217.53 152.03 170.36 -1.48 146.48 -1.48 200.74
5 41.89 734.04 132.03 703.99 143.92 685.95 127.06 664.71 1.57 674.26
9 767.65 793.97 759.71 799.58 752.69 812.40 742.74 865.05 759.74 911.66 763.50 916.50 844.65 923.71 863.81 881.20 830.12 816.75
6 201.92 701.34 143.92 685.95 132.03 703.99 85.10 806.73 205.63 848.54 208.75 726.92
7 826.76 497.13 821.22 578.41 851.58 624.96 1011.48 598.45 1011.48 454.89 964.35 437.38 925.25 442.96
8 480.92 613.50 500.51 638.75 576.44 677.49 634.05 601.50 577.14 553.82 557.31 563.03 484.11 604.30 480.59 611.63
6 348.17 651.58 283.44 619.22 271.19 625.05 256.31 661.63 339.79 727.67 368.04 720.02
6 444.75 296.70 413.74 224.91 339.35 244.25 306.06 298.40 392.57 367.05 403.53 368.28
4 787.70 -19.72 699.98 -19.72 696.10 166.55 757.03 169.39
4 677.27 857.49 742.74 865.05 752.69 812.40 657.65 820.78
6 473.48 546.67 510.59 497.63 513.45 492.16 508.69 458.84 444.55 457.91 432.56 489.20
6 315.65 812.94 243.88 883.87 255.96 925.95 420.41 892.67 442.45 865.84 445.10 835.78
8 706.20 426.60 786.07 183.19 757.03 169.39 696.10 166.55 645.63 172.86 643.90 175.46 661.23 420.17 694.42 430.53
6 863.81 881.20 844.65 923.71 882.46 1005.72 1011.48 1005.72 1011.48 923.11 919.29 853.97
7 209.46 854.64 205.63 848.54 85.10 806.73 55.18 817.14 -1.48 860.42 -1.48 884.14 95.01 915.23
4 55.18 817.14 85.10 806.73 132.03 703.99 41.89 734.04
9 707.11 426.57 706.20 426.60 694.42 430.53 701.04 475.94 737.32 527.20 767.63 560.54 821.22 578.41 826.76 497.13 708.20 426.63
8 657.65 820.78 752.69 812.40 759.71 799.58 641.47 742.92 612.22 756.06 610.58 759.35 608.37 766.22 616.95 786.35
8 396.27 591.14 480.59 611.63 484.11 604.30 473.48 546.67 432.56 489.20 361.48 513.18 347.84 537.99 348.57 558.63
4 708.20 426.63 826.76 497.13 925.25 442.96 795.86 398.55
5 347.84 537.99 361.48 513.18 342.97 443.36 195.54 437.38 204.02 470.44
8 641.47 742.92 694.75 692.59 696.28 633.00 693.80 628.23 661.31 601.50 634.05 601.50 576.44 677.49 612.22 756.06
5 890.90 176.18 1011.48 136.99 1011.48 -19.72 925.91 -19.72 882.64 110.09
6 826.92 689.26 777.49 723.02 767.65 793.97 830.12 816.75 866.03 764.27 866.23 746.38
5 406.63 698.05 373.38 642.64 348.17 651.58 368.04 720.02 396.02 720.50
6 616.95 786.35 608.37 766.22 515.27 811.14 578.32 908.34 601.62 896.69 606.26 865.50
4 925.25 442.96 964.35 437.38 863.78 292.90 795.86 398.55
4 348.21 49.98 245.64 8.96 273.57 99.72 325.44 101.72
5 830.12 816.75 863.81 881.20 919.29 853.97 935.75 817.48 866.03 764.27
5 576.44 677.49 500.51 638.75 491.07 716.67 610.58 759.35 612.22 756.06
7 121.40 599.56 127.06 664.71 143.92 685.95 201.92 701.34 256.31 661.63 271.19 625.05 197.52 531.59
4 245.64 8.96 348.21 49.98 381.65 -19.72 233.75 -19.72
4 60.92 330.13 140.91 273.84 135.77 244.33 57.18 234.87
3 538.31 29.86 584.35 -19.72 446.23 -19.72
7 885.56 179.85 848.18 196.40 854.27 249.98 863.78 292.90 964.35 437.38 1011.48 454.89 1011.48 345.13
5 444.55 457.91 508.69 458.84 519.02 449.52 491.17 369.69 416.10 376.00
5 396.27 591.14 348.57 558.63 283.44 619.22 348.17 651.58 373.38 642.64
4 890.90 176.18 885.56 179.85 1011.48 345.13 1011.48 136.99
7 445.10 835.78 442.45 865.84 511.73 929.64 571.42 916.76 578.32 908.34 515.27 811.14 455.27 818.97
7 195.54 437.38 184.14 419.40 159.51 420.94 61.40 560.19 121.40 599.56 197.52 531.59 204.02 470.44
6 208.75 726.92 205.63 848.54 209.46 854.64 243.88 883.87 315.65 812.94 316.01 776.43
6 515.27 811.14 608.37 766.22 610.58 759.35 491.07 716.67 446.92 785.35 455.27 818.97
6 245.89 106.10 173.74 93.28 152.03 170.36 158.90 217.53 226.04 222.70 231.43 209.12
6 446.92 785.35 491.07 716.67 500.51 638.75 480.92 613.50 406.63 698.05 396.02 720.50
5 601.62 896.69 648.42 912.87 659.05 904.47 674.04 865.50 606.26 865.50
6 348.57 558.63 347.84 537.99 204.02 470.44 197.52 531.59 271.19 625.05 283.44 619.22
4 473.48 546.67 484.11 604.30 557.31 563.03 510.59 497.63
5 866.23 746.38 866.03 764.27 935.75 817.48 1011.48 751.66 1011.48 722.17
5 659.05 904.47 759.74 911.66 742.74 865.05 677.27 857.49 674.04 865.50
6 579.54 118.66 538.31 29.86 446.23 -19.72 435.23 -19.72 487.75 95.18 493.23 98.80
6 36.20 399.34 159.51 420.94 184.14 419.40 196.92 388.26 140.91 273.84 60.92 330.13
6 1.57 674.26 127.06 664.71 121.40 599.56 61.40 560.19 -1.48 550.78 -1.48 673.35
5 513.45 492.16 585.00 519.86 636.88 430.91 519.02 449.52 508.69 458.84
5 480.92 613.50 480.59 611.63 396.27 591.14 373.38 642.64 406.63 698.05
5 159.51 420.94 36.20 399.34 -1.48 406.61 -1.48 550.78 61.40 560.19
5 152.03 170.36 173.74 93.28 158.42 74.92 -1.48 57.79 -1.48 146.48
6 851.58 624.96 845.41 633.00 826.92 689.26 866.23 746.38 1011.48 722.17 1011.48 598.45
5 863.78 292.90 854.27 249.98 707.11 426.57 708.20 426.63 795.86 398.55
5 510.59 497.63 557.31 563.03 577.14 553.82 585.00 519.86 513.45 492.16
7 429.79 211.04 413.74 224.91 444.75 296.70 536.09 261.45 543.22 243.04 459.93 205.82 448.69 206.13
4 158.42 74.92 187.15 -19.72 -1.48 -19.72 -1.48 57.79
6 671.33 1005.72 704.02 1005.72 763.50 916.50 759.74 911.66 659.05 904.47 648.42 912.87
9 577.14 553.82 634.05 601.50 661.31 601.50 701.04 475.94 694.42 430.53 661.23 420.17 646.92 422.71 636.88 430.91 585.00 519.86
5 694.75 692.59 641.47 742.92 759.71 799.58 767.65 793.97 777.49 723.02
5 614.50 -19.72 584.35 -19.72 538.31 29.86 579.54 118.66 614.50 133.00
8 368.04 720.02 339.79 727.67 316.01 776.43 315.65 812.94 445.10 835.78 455.27 818.97 446.92 785.35 396.02 720.50
5 696.28 633.00 694.75 692.59 777.49 723.02 826.92 689.26 845.41 633.00
5 442.45 865.84 420.41 892.67 410.89 1005.72 501.47 1005.72 511.73 929.64
7 306.06 298.40 303.22 298.87 196.92 388.26 184.14 419.40 195.54 437.38 342.97 443.36 392.57 367.05
4 95.01 915.23 -1.48 884.14 -1.48 1005.72 158.03 1005.72
5 36.20 399.34 60.92 330.13 57.18 234.87 -1.48 200.74 -1.48 406.61
7 851.58 624.96 821.22 578.41 767.63 560.54 699.29 622.27 693.80 628.23 696.28 633.00 845.41 633.00
4 434.50 120.97 384.37 126.13 429.79 211.04 448.69 206.13
3 737.32 527.20 699.29 622.27 767.63 560.54
4 420.41 892.67 255.96 925.95 247.49 1005.72 410.89 1005.72
6 226.04 222.70 158.90 217.53 135.77 244.33 140.91 273.84 196.92 388.26 303.22 298.87
5 636.88 430.91 646.92 422.71 537.46 343.52 491.17 369.69 519.02 449.52
7 543.22 243.04 643.90 175.46 645.63 172.86 614.50 133.00 579.54 118.66 493.23 98.80 459.93 205.82
6 325.39 154.72 339.35 244.25 413.74 224.91 429.79 211.04 384.37 126.13 326.25 103.14
6 158.03 1005.72 247.49 1005.72 255.96 925.95 243.88 883.87 209.46 854.64 95.01 915.23
5 854.27 249.98 848.18 196.40 786.07 183.19 706.20 426.60 707.11 426.57
5 256.31 661.63 201.92 701.34 208.75 726.92 316.01 776.43 339.79 727.67
5 55.18 817.14 41.89 734.04 1.57 674.26 -1.48 673.35 -1.48 860.42
4 935.75 817.48 919.29 853.97 1011.48 923.11 1011.48 751.66
5 614.50 133.00 645.63 172.86 696.10 166.55 699.98 -19.72 614.50 -19.72
5 459.93 205.82 493.23 98.80 487.75 95.18 434.50 120.97 448.69 206.13
8 757.03 169.39 786.07 183.19 848.18 196.40 885.56 179.85 890.90 176.18 882.64 110.09 855.91 -19.72 787.70 -19.72
4 844.65 923.71 763.50 916.50 704.02 1005.72 882.46 1005.72
7 392.57 367.05 342.97 443.36 361.48 513.18 432.56 489.20 444.55 457.91 416.10 376.00 403.53 368.28
7 245.64 8.96 233.75 -19.72 187.15 -19.72 158.42 74.92 173.74 93.28 245.89 106.10 273.57 99.72
