20
3 772.92 214.19 928.58 297.58 928.58 208.70
4 336.62 813.53 325.20 817.02 375.38 1013.58 524.17 1013.58
10 403.45 533.73 317.69 515.47 199.15 525.89 182.19 742.94 217.51 808.96 248.19 816.79 325.20 817.02 336.62 813.53 468.97 728.37 436.18 551.05
7 468.97 728.37 526.34 749.52 928.58 719.46 928.58 712.28 584.10 511.54 462.41 534.79 436.18 551.05
5 584.10 511.54 666.89 267.44 649.54 229.75 576.64 173.05 462.41 534.79
4 199.15 525.89 14.42 356.50 14.42 713.85 182.19 742.94
6 340.24 335.09 420.75 303.02 563.03 157.30 500.66 -4.58 14.42 -4.58 14.42 235.53
4 317.69 515.47 403.45 533.73 420.75 303.02 340.24 335.09
4 325.20 817.02 248.19 816.79 277.94 1013.58 375.38 1013.58
5 182.19 742.94 14.42 713.85 14.42 1013.58 24.20 1013.58 217.51 808.96
4 526.34 749.52 550.90 1013.58 928.58 1013.58 928.58 719.46
6 772.92 214.19 730.29 209.66 649.54 229.75 666.89 267.44 928.58 551.89 928.58 297.58
4 893.13 91.41 928.58 99.52 928.58 -4.58 824.13 -4.58
4 248.19 816.79 217.51 808.96 24.20 1013.58 277.94 1013.58
5 893.13 91.41 730.29 209.66 772.92 214.19 928.58 208.70 928.58 99.52
6 462.41 534.79 576.64 173.05 563.03 157.30 420.75 303.02 403.45 533.73 436.18 551.05
7 563.03 157.30 576.64 173.05 649.54 229.75 730.29 209.66 893.13 91.41 824.13 -4.58 500.66 -4.58
5 199.15 525.89 317.69 515.47 340.24 335.09 14.42 235.53 14.42 356.50
4 666.89 267.44 584.10 511.54 928.58 712.28 928.58 551.89
5 526.34 749.52 468.97 728.37 336.62 813.53 524.17 1013.58 550.90 1013.58
