500
6 243.77 503.18 263.81 479.65 270.86 454.99 249.71 453.91 236.11 461.36 205.21 501.34
8 600.62 544.41 583.87 537.32 557.08 534.34 532.63 555.91 540.05 597.93 551.39 606.48 567.51 613.16 596.03 583.12
5 486.48 74.34 473.62 30.83 438.69 4.12 435.35 13.76 443.98 69.87
6 5.53 579.08 37.11 529.74 37.56 525.29 0.43 473.11 -14.88 460.69 -14.88 581.41
5 52.12 194.50 54.28 194.50 61.90 166.12 60.05 155.47 15.00 178.00
5 870.30 250.33 902.59 281.64 932.22 280.19 931.00 274.50 898.06 233.32
5 634.50 243.00 634.50 225.20 609.68 207.82 608.46 208.58 621.85 251.43
6 739.86 632.23 741.44 632.51 753.11 623.00 751.28 603.45 732.77 592.66 716.12 603.75
7 965.47 362.11 961.84 357.50 943.59 354.85 931.34 365.85 926.94 384.93 934.73 394.45 957.69 389.35
8 468.59 574.49 478.54 589.80 500.05 599.36 540.05 597.93 532.63 555.91 484.15 532.24 477.96 538.52 474.22 543.53
5 759.74 721.89 779.21 745.79 798.82 726.18 794.63 695.44 770.38 698.85
5 672.39 567.41 671.27 567.61 673.91 624.26 711.83 602.03 710.69 596.14
6 792.33 837.80 760.97 841.45 745.73 849.72 731.20 877.33 752.69 889.61 793.32 857.82
3 469.58 895.91 491.30 915.21 500.50 894.50
7 281.48 213.51 297.95 140.13 295.18 133.19 245.03 121.53 222.68 131.69 231.88 199.11 278.12 217.44
6 560.77 212.11 567.26 215.75 577.46 217.68 574.59 157.36 570.95 156.92 544.07 168.97
7 191.09 286.40 202.01 212.38 177.85 207.82 152.18 225.47 140.30 261.09 149.60 275.37 183.50 291.64
6 703.62 696.41 668.95 722.42 679.39 748.28 717.21 756.19 725.57 740.46 714.66 705.03
7 306.27 751.79 379.21 756.21 375.39 741.61 357.65 696.67 329.97 709.85 301.36 742.81 301.98 748.07
6 338.86 103.91 338.15 110.14 342.62 121.30 357.95 130.15 366.00 106.00 350.74 94.55
6 297.95 140.13 328.04 145.60 342.62 121.30 338.15 110.14 296.79 129.73 295.18 133.19
7 998.23 302.19 961.84 357.50 965.47 362.11 986.80 375.01 1018.88 371.67 1018.88 297.25 1011.00 299.00
4 672.00 212.43 648.79 229.01 659.70 256.90 687.35 234.06
6 402.96 653.17 367.24 691.05 408.56 708.44 409.23 708.64 416.10 704.37 413.46 656.80
5 194.98 809.99 215.49 854.81 225.01 861.42 251.60 809.38 217.48 782.08
5 654.39 272.83 634.50 243.00 621.85 251.43 621.57 257.07 653.74 276.98
5 358.56 458.61 314.38 450.68 307.96 455.12 310.81 462.40 378.50 498.50
8 387.14 764.14 379.21 756.21 306.27 751.79 333.58 801.54 357.35 819.26 358.77 819.11 383.26 784.22 386.92 767.37
4 821.59 432.83 792.32 424.05 810.89 450.04 813.65 448.70
4 357.95 130.15 369.99 140.67 372.69 108.23 366.00 106.00
8 141.73 111.27 176.88 206.66 177.85 207.82 202.01 212.38 231.88 199.11 222.68 131.69 202.56 116.72 145.09 104.62
7 653.94 14.72 695.26 72.57 701.67 77.00 706.36 70.90 715.23 18.92 689.80 -18.94 663.68 -18.94
4 788.31 533.50 790.09 536.42 809.98 547.02 823.50 533.50
4 140.04 -0.54 180.19 20.87 186.82 -18.94 135.37 -18.94
7 659.70 256.90 654.39 272.83 653.74 276.98 659.55 305.61 706.86 250.41 700.77 237.64 687.35 234.06
7 195.37 720.90 191.19 718.71 168.97 716.35 160.33 741.12 168.16 775.38 168.50 775.54 205.44 754.23
6 95.64 947.54 92.09 952.86 78.91 983.00 118.67 983.00 128.94 964.36 128.84 963.16
6 407.90 44.21 379.01 46.13 381.70 59.14 392.86 84.50 409.54 95.47 423.48 77.60
8 870.30 250.33 898.06 233.32 906.50 222.67 906.50 196.50 874.28 164.28 869.24 169.63 853.64 229.82 855.28 247.28
5 451.59 834.61 502.54 863.27 519.11 862.44 510.43 834.68 468.51 822.10
8 932.22 280.19 902.59 281.64 877.65 312.81 873.35 322.85 901.76 331.08 929.17 327.27 939.77 287.35 935.79 282.18
7 717.64 477.36 709.90 471.47 651.87 496.34 651.59 496.59 673.53 518.53 728.06 515.50 727.51 498.81
5 37.19 804.81 41.32 801.07 25.10 712.77 -14.88 714.38 -14.88 823.48
6 469.58 895.91 467.22 895.37 446.35 918.85 453.34 947.22 504.36 959.63 491.30 915.21
5 30.79 48.97 79.24 -17.64 79.29 -18.94 -14.88 -18.94 -14.88 42.45
7 832.96 420.98 862.83 441.73 880.78 426.76 889.21 404.86 871.28 377.16 856.20 367.52 828.72 403.33
5 670.57 851.07 668.74 836.43 649.44 831.29 634.08 894.46 661.87 903.30
6 240.96 668.02 268.93 675.25 291.43 657.70 293.19 654.39 223.80 602.35 209.88 623.61
6 442.81 750.87 414.82 747.76 387.14 764.14 386.92 767.37 437.55 787.62 448.24 773.03
6 799.57 139.27 831.67 114.39 827.04 96.49 824.50 91.83 823.24 91.62 755.58 113.27
6 395.97 508.96 384.66 504.66 334.04 510.08 345.45 545.46 388.37 543.59 396.86 527.52
6 345.07 307.48 330.25 342.88 372.01 364.89 386.86 364.71 389.06 362.37 382.16 316.38
4 392.86 84.50 381.70 59.14 354.33 81.04 355.24 84.50
6 456.27 676.16 463.76 690.39 506.90 664.29 503.45 648.78 496.81 641.41 468.01 637.43
7 559.47 401.19 596.14 403.15 611.64 375.59 553.19 336.63 525.30 356.03 525.81 360.74 535.10 388.85
6 115.70 297.69 97.01 268.49 55.82 267.74 32.87 296.61 71.61 311.03 108.97 308.16
4 949.93 516.93 957.90 512.30 968.21 481.36 923.33 490.33
9 210.35 351.13 191.00 382.39 195.95 394.47 206.93 400.81 222.36 396.75 249.10 381.59 250.56 375.51 249.87 363.32 231.40 347.16
6 673.68 940.76 691.64 944.11 708.19 936.22 713.89 899.59 685.78 892.90 669.82 913.77
5 109.55 507.21 107.04 496.16 0.43 473.11 37.56 525.29 90.85 529.10
7 858.00 548.49 883.88 510.31 884.59 499.86 864.65 482.25 845.34 486.18 826.78 508.23 836.87 534.17
4 443.01 302.78 396.83 288.35 396.64 290.47 412.20 311.59
6 438.69 4.12 473.62 30.83 477.50 27.50 510.90 -5.90 509.51 -18.94 433.47 -18.94
6 581.40 59.43 575.97 53.51 554.61 55.74 520.46 75.09 546.08 94.31 548.79 95.88
5 821.29 213.64 853.64 229.82 869.24 169.63 823.09 181.87 813.10 193.64
5 124.67 296.90 115.70 297.69 108.97 308.16 115.13 328.19 143.51 322.02
8 322.28 3.58 319.94 -0.72 283.64 35.03 277.77 47.30 288.53 79.59 304.29 96.28 318.74 90.98 324.15 12.63
4 384.61 575.08 353.56 608.87 395.93 631.02 417.94 606.65
6 790.45 415.97 776.31 379.20 755.45 373.99 750.99 398.05 769.72 430.15 787.22 420.65
8 389.18 168.22 369.26 177.18 361.84 229.11 381.30 260.94 391.94 262.54 392.28 262.31 397.58 252.63 400.00 167.90
5 329.97 709.85 291.43 657.70 268.93 675.25 275.80 721.66 301.36 742.81
7 856.20 367.52 848.47 344.88 832.98 341.30 801.11 369.01 794.06 378.29 813.82 401.02 828.72 403.33
6 750.54 675.12 704.20 669.77 699.97 684.23 703.62 696.41 714.66 705.03 751.89 678.97
6 53.66 921.39 51.29 908.35 -14.88 909.58 -14.88 1017.94 42.72 1017.94 46.67 1012.35
6 906.50 196.50 967.88 199.23 930.77 113.87 927.94 115.47 876.08 153.07 874.28 164.28
5 771.01 442.13 775.54 464.11 797.65 473.15 803.64 470.26 808.97 451.62
5 997.35 454.38 968.21 481.36 957.90 512.30 1018.88 519.92 1018.88 458.86
7 810.89 450.04 808.97 451.62 803.64 470.26 820.50 481.50 828.17 481.50 822.06 454.01 813.65 448.70
7 391.87 451.32 392.23 448.98 382.22 421.07 333.60 425.23 328.31 429.78 314.38 450.68 358.56 458.61
5 131.11 679.23 168.97 716.35 191.19 718.71 200.77 685.86 186.15 645.65
7 151.98 888.44 155.28 866.01 143.34 860.71 109.27 854.43 94.99 893.54 105.34 898.25 133.58 898.95
5 236.11 461.36 187.40 463.30 184.44 479.61 199.21 504.66 205.21 501.34
5 989.83 560.98 943.69 554.38 937.27 557.41 928.50 572.75 960.87 621.31
5 224.29 713.36 231.97 681.70 200.77 685.86 191.19 718.71 195.37 720.90
3 972.50 204.75 962.07 247.78 996.62 265.06
7 750.04 112.68 715.94 137.81 722.36 153.71 772.33 166.91 793.62 153.81 799.57 139.27 755.58 113.27
6 918.76 488.26 923.33 490.33 968.21 481.36 997.35 454.38 985.78 447.19 961.21 448.63
4 199.04 337.73 179.57 305.29 167.03 316.64 165.58 354.46
7 551.39 606.48 503.45 648.78 506.90 664.29 524.19 672.21 562.52 677.00 573.03 632.89 567.51 613.16
7 64.05 796.14 41.32 801.07 37.19 804.81 57.88 843.88 108.73 851.90 109.66 836.35 103.49 795.66
4 515.72 972.65 578.10 923.63 525.75 908.36 506.46 960.56
6 148.45 74.40 141.11 57.80 83.11 28.80 64.49 62.31 68.98 74.80 145.00 104.36
7 706.86 250.41 737.82 268.66 768.31 248.16 763.92 229.32 758.44 225.21 713.69 220.41 700.77 237.64
5 236.11 461.36 249.71 453.91 216.91 429.31 182.09 449.88 187.40 463.30
5 520.46 75.09 489.55 78.45 489.93 95.15 497.69 110.44 546.08 94.31
5 112.90 791.17 155.80 817.57 187.82 806.13 168.50 775.54 168.16 775.38
6 938.56 79.07 943.93 52.57 933.89 -18.94 882.86 -18.94 878.90 -4.79 907.98 61.67
6 296.79 129.73 297.85 110.63 277.85 97.90 254.96 104.26 245.03 121.53 295.18 133.19
5 870.26 864.06 886.18 821.44 840.42 798.07 799.58 823.13 799.27 826.35
6 763.50 48.30 750.77 35.26 715.23 18.92 706.36 70.90 759.80 66.78 763.50 61.75
6 727.51 498.81 728.06 515.50 736.00 533.62 774.61 527.93 782.03 490.87 765.36 481.07
6 801.39 -5.66 799.11 -18.94 776.45 -18.94 750.77 35.26 763.50 48.30 772.20 43.00
7 339.69 649.00 324.17 622.77 293.19 654.39 291.43 657.70 329.97 709.85 357.65 696.67 360.30 692.91
4 728.68 784.95 712.41 807.52 745.73 849.72 760.97 841.45
5 180.19 20.87 140.04 -0.54 141.11 57.80 148.45 74.40 192.40 39.65
6 931.34 365.85 905.68 362.42 871.28 377.16 889.21 404.86 895.46 404.75 926.94 384.93
8 185.96 897.59 226.75 864.45 225.01 861.42 215.49 854.81 177.66 856.19 155.28 866.01 151.98 888.44 156.02 891.60
6 400.00 167.90 397.58 252.63 452.76 217.15 444.60 178.00 441.98 176.54 415.12 162.38
5 462.95 226.38 454.82 219.74 433.49 269.52 441.60 274.53 467.23 253.43
6 375.39 741.61 379.21 756.21 387.14 764.14 414.82 747.76 409.23 708.64 408.56 708.44
6 617.83 176.49 619.26 191.50 656.12 191.50 674.56 138.23 656.12 145.91 629.00 166.25
7 475.92 168.82 444.60 178.00 452.76 217.15 454.82 219.74 462.95 226.38 492.23 227.74 495.89 183.79
7 809.98 547.02 840.65 586.89 854.95 575.64 858.00 548.49 836.87 534.17 825.79 532.79 823.50 533.50
6 86.06 434.65 108.70 454.36 137.39 439.76 142.05 412.98 133.98 387.04 117.27 390.59
5 896.48 957.04 893.15 957.57 860.88 982.46 836.39 1017.94 942.81 1017.94
3 833.83 43.00 801.39 -5.66 772.20 43.00
5 557.08 534.34 583.87 537.32 566.84 472.61 554.27 476.54 536.98 498.16
5 943.93 52.57 938.56 79.07 944.64 94.18 1018.88 92.08 1018.88 -2.82
4 669.82 913.77 685.78 892.90 670.57 851.07 661.87 903.30
8 307.37 345.78 307.86 346.10 312.54 346.27 330.25 342.88 345.07 307.48 340.81 277.70 293.00 259.31 293.00 322.70
6 614.19 640.94 641.60 652.68 655.77 646.18 668.37 633.09 636.65 606.07 630.49 604.26
8 506.90 434.25 511.47 424.30 460.38 396.43 451.22 398.10 440.04 418.67 440.44 420.49 468.49 462.19 470.05 462.65
4 214.91 -11.64 202.73 37.07 209.28 40.77 242.71 30.07
5 440.04 418.67 395.63 394.25 382.22 421.07 392.23 448.98 440.44 420.49
5 733.67 994.76 697.39 970.02 688.73 991.68 691.82 1017.94 743.46 1017.94
6 266.38 322.44 237.13 327.31 231.40 347.16 249.87 363.32 250.49 363.02 270.31 323.38
5 328.31 429.78 333.60 425.23 343.32 399.32 324.68 380.68 315.26 397.16
6 575.97 53.51 572.11 21.63 521.08 13.65 518.83 27.50 518.44 31.63 554.61 55.74
5 316.18 917.45 297.96 945.79 307.30 991.15 364.90 955.29 346.71 914.13
4 801.11 369.01 832.98 341.30 819.39 331.92 779.64 342.17
7 216.91 429.31 249.71 453.91 270.86 454.99 279.15 450.41 278.02 445.45 222.36 396.75 206.93 400.81
7 832.96 420.98 828.72 403.33 813.82 401.02 790.45 415.97 787.22 420.65 792.32 424.05 821.59 432.83
5 828.17 481.50 845.34 486.18 864.65 482.25 860.91 460.87 822.06 454.01
6 413.46 656.80 416.10 704.37 462.98 698.20 463.76 690.39 456.27 676.16 424.33 657.00
7 396.83 288.35 391.94 262.54 381.30 260.94 340.81 277.70 345.07 307.48 382.16 316.38 396.64 290.47
5 364.90 955.29 381.99 957.66 395.26 885.99 356.20 897.26 346.71 914.13
6 491.30 915.21 504.36 959.63 506.46 960.56 525.75 908.36 522.78 885.93 500.50 894.50
8 0.43 473.11 107.04 496.16 108.22 490.59 108.70 454.36 86.06 434.65 67.53 428.65 -14.88 457.61 -14.88 460.69
8 -8.49 321.04 32.87 296.61 55.82 267.74 56.77 256.99 53.88 244.17 14.70 212.11 -14.88 204.53 -14.88 322.07
6 853.98 248.42 848.81 255.12 877.65 312.81 902.59 281.64 870.30 250.33 855.28 247.28
5 324.68 380.68 343.32 399.32 372.01 364.89 330.25 342.88 312.54 346.27
4 931.00 274.50 929.82 236.87 906.50 222.67 898.06 233.32
5 277.77 47.30 260.92 62.59 254.96 104.26 277.85 97.90 288.53 79.59
5 392.28 262.31 433.49 269.52 454.82 219.74 452.76 217.15 397.58 252.63
6 598.85 406.09 596.14 403.15 559.47 401.19 567.36 472.27 579.62 471.68 609.44 451.32
5 161.49 371.40 191.00 382.39 210.35 351.13 199.04 337.73 165.58 354.46
5 145.99 322.80 143.51 322.02 115.13 328.19 107.37 344.24 135.23 364.02
8 581.69 59.59 633.37 56.46 653.94 14.72 663.68 -18.94 588.07 -18.94 572.11 21.63 575.97 53.51 581.40 59.43
4 510.90 -5.90 477.50 27.50 518.83 27.50 521.08 13.65
6 518.83 27.50 477.50 27.50 473.62 30.83 486.48 74.34 487.57 75.12 518.44 31.63
5 160.33 741.12 110.42 758.49 108.59 790.92 112.90 791.17 168.16 775.38
4 535.10 388.85 525.81 360.74 460.38 396.43 511.47 424.30
9 158.53 934.29 136.74 948.48 128.84 963.16 128.94 964.36 146.24 974.32 180.93 961.71 172.53 934.00 171.65 933.37 164.90 933.02
6 109.55 507.21 139.90 522.16 166.31 482.53 156.18 475.60 108.22 490.59 107.04 496.16
7 811.89 619.17 821.43 612.11 822.33 607.18 798.97 587.45 761.92 573.90 751.28 603.45 753.11 623.00
4 56.45 604.42 81.01 560.75 48.87 555.39 37.61 589.18
6 177.66 856.19 215.49 854.81 194.98 809.99 187.82 806.13 155.80 817.57 154.84 830.10
4 53.66 921.39 46.67 1012.35 70.25 986.74 68.04 962.48
5 443.98 69.87 435.35 13.76 408.32 43.37 407.90 44.21 423.48 77.60
4 614.44 117.94 607.71 165.04 613.71 170.86 625.06 136.83
6 634.08 894.46 612.11 915.72 645.33 952.26 673.68 940.76 669.82 913.77 661.87 903.30
7 801.39 -5.66 833.83 43.00 836.68 45.14 839.11 44.10 878.90 -4.79 882.86 -18.94 799.11 -18.94
6 696.04 126.11 701.67 77.00 695.26 72.57 633.73 57.18 644.89 99.73 687.49 126.44
8 835.68 753.37 837.78 753.22 867.37 723.63 875.22 705.44 796.34 694.56 794.63 695.44 798.82 726.18 816.27 748.39
7 905.68 362.42 901.76 331.08 873.35 322.85 857.91 332.80 848.47 344.88 856.20 367.52 871.28 377.16
6 776.00 252.00 800.51 276.51 835.04 266.73 848.81 255.12 853.98 248.42 808.38 228.88
9 58.80 140.35 61.52 142.87 122.54 130.46 141.73 111.27 145.09 104.62 145.00 104.36 68.98 74.80 60.11 87.10 58.64 138.69
4 931.99 414.89 910.08 413.74 923.92 443.41 933.51 440.75
7 444.71 365.54 423.62 349.47 389.06 362.37 386.86 364.71 395.63 394.25 440.04 418.67 451.22 398.10
6 996.62 265.06 962.07 247.78 961.17 249.17 1011.00 299.00 1018.88 297.25 1018.88 295.97
5 893.15 816.70 920.12 817.05 938.08 756.41 932.01 749.58 891.80 793.44
6 854.95 575.64 899.52 589.83 928.50 572.75 937.27 557.41 883.88 510.31 858.00 548.49
6 273.26 570.84 272.89 564.98 241.73 531.81 194.22 524.61 179.84 541.09 224.81 599.91
7 223.80 602.35 293.19 654.39 324.17 622.77 325.98 613.82 310.57 591.23 273.26 570.84 224.81 599.91
6 135.37 -18.94 79.29 -18.94 79.24 -17.64 83.11 28.80 141.11 57.80 140.04 -0.54
5 339.69 649.00 360.30 692.91 367.24 691.05 402.96 653.17 401.26 649.00
4 794.06 378.29 776.31 379.20 790.45 415.97 813.82 401.02
6 621.85 251.43 608.46 208.58 579.99 218.86 582.28 265.29 610.55 260.57 621.57 257.07
5 738.79 943.60 708.19 936.22 691.64 944.11 697.39 970.02 733.67 994.76
5 434.73 579.79 439.83 583.72 468.59 574.49 474.22 543.53 422.07 535.51
4 152.18 225.47 110.45 218.32 113.32 258.46 140.30 261.09
8 191.09 286.40 183.50 291.64 179.57 305.29 199.04 337.73 210.35 351.13 231.40 347.16 237.13 327.31 228.08 293.56
9 678.73 416.88 680.33 421.10 680.65 421.32 720.21 415.93 750.99 398.05 755.45 373.99 754.82 372.79 746.48 369.51 678.96 396.52
5 943.59 354.85 929.17 327.27 901.76 331.08 905.68 362.42 931.34 365.85
6 221.31 765.62 217.48 782.08 251.60 809.38 268.69 794.54 272.14 777.30 228.93 763.29
7 470.09 722.94 469.81 715.27 462.98 698.20 416.10 704.37 409.23 708.64 414.82 747.76 442.81 750.87
4 808.98 227.07 821.29 213.64 813.10 193.64 796.34 198.63
5 873.35 322.85 877.65 312.81 848.81 255.12 835.04 266.73 857.91 332.80
5 440.44 420.49 392.23 448.98 391.87 451.32 410.96 487.12 468.49 462.19
6 961.21 448.63 985.78 447.19 973.57 421.16 961.27 412.04 946.40 409.91 938.45 441.68
5 790.09 536.42 798.97 587.45 822.33 607.18 840.65 586.89 809.98 547.02
5 629.00 139.12 625.06 136.83 613.71 170.86 617.83 176.49 629.00 166.25
7 933.51 440.75 923.92 443.41 913.71 452.21 907.89 487.15 918.76 488.26 961.21 448.63 938.45 441.68
8 345.45 545.46 341.88 548.74 310.57 591.23 325.98 613.82 353.56 608.87 384.61 575.08 389.95 555.53 388.37 543.59
7 583.87 537.32 600.62 544.41 613.13 535.02 619.37 516.85 579.62 471.68 567.36 472.27 566.84 472.61
5 876.08 153.07 927.94 115.47 867.09 85.05 827.04 96.49 831.67 114.39
4 664.31 718.23 682.81 684.95 668.94 679.11 652.15 710.83
8 731.20 877.33 729.28 877.60 713.89 899.59 708.19 936.22 738.79 943.60 772.75 934.70 774.94 928.97 752.69 889.61
7 506.69 130.16 497.69 110.44 489.93 95.15 479.61 101.28 441.98 176.54 444.60 178.00 475.92 168.82
7 60.05 155.47 61.52 142.87 58.80 140.35 25.11 136.14 -14.88 145.12 -14.88 178.00 15.00 178.00
5 310.81 462.40 318.50 498.63 334.04 510.08 384.66 504.66 378.50 498.50
5 183.21 964.86 180.93 961.71 146.24 974.32 187.96 1017.94 207.34 1017.94
7 350.74 94.55 366.00 106.00 372.69 108.23 409.53 96.60 409.54 95.47 392.86 84.50 355.24 84.50
6 997.35 454.38 1018.88 458.86 1018.88 436.80 985.75 381.58 973.57 421.16 985.78 447.19
6 869.26 943.07 865.76 922.06 830.16 900.69 827.05 902.18 827.08 902.27 858.01 943.52
7 369.99 140.67 389.18 168.22 400.00 167.90 415.12 162.38 419.37 134.32 409.53 96.60 372.69 108.23
6 578.08 287.50 583.75 305.93 643.56 310.09 610.55 260.57 582.28 265.29 577.43 280.29
4 758.44 225.21 721.91 156.70 709.17 180.85 713.69 220.41
10 409.54 95.47 409.53 96.60 419.37 134.32 479.61 101.28 489.93 95.15 489.55 78.45 487.57 75.12 486.48 74.34 443.98 69.87 423.48 77.60
7 182.09 449.88 175.75 445.00 151.08 445.00 156.18 475.60 166.31 482.53 184.44 479.61 187.40 463.30
5 146.24 974.32 128.94 964.36 118.67 983.00 120.81 1017.94 187.96 1017.94
6 209.28 40.77 225.09 66.36 260.92 62.59 277.77 47.30 283.64 35.03 242.71 30.07
5 746.48 369.51 738.23 361.00 676.26 361.00 675.07 383.58 678.96 396.52
4 383.26 784.22 430.71 807.00 437.55 787.62 386.92 767.37
6 532.90 287.50 578.08 287.50 577.43 280.29 536.35 261.22 526.29 264.57 522.72 268.42
5 318.50 498.63 302.42 524.08 341.88 548.74 345.45 545.46 334.04 510.08
5 770.46 785.98 780.75 793.84 835.68 753.37 816.27 748.39 782.20 753.26
7 770.38 698.85 794.63 695.44 796.34 694.56 800.28 643.40 751.63 665.29 750.54 675.12 751.89 678.97
4 25.11 136.14 27.49 95.70 -14.88 75.76 -14.88 145.12
4 967.88 716.81 949.95 673.11 881.51 705.43 931.10 747.78
6 293.00 322.70 293.00 259.31 285.24 249.88 248.08 282.19 266.38 322.44 270.31 323.38
5 488.78 786.71 519.50 809.75 578.40 755.06 575.38 747.00 505.11 753.30
7 522.72 268.42 526.29 264.57 508.86 229.71 502.56 231.19 494.57 271.16 502.42 275.68 503.42 275.44
8 285.24 249.88 281.45 226.13 278.12 217.44 231.88 199.11 202.01 212.38 191.09 286.40 228.08 293.56 248.08 282.19
4 907.98 61.67 878.90 -4.79 839.11 44.10 885.01 61.15
5 799.58 823.13 840.42 798.07 837.78 753.22 835.68 753.37 780.75 793.84
6 55.82 267.74 97.01 268.49 113.32 258.46 110.45 218.32 107.69 215.78 56.77 256.99
6 71.61 311.03 32.87 296.61 -8.49 321.04 70.99 372.14 75.56 371.13 103.66 344.97
5 942.81 1017.94 962.10 1017.94 964.29 947.81 921.10 907.79 896.48 957.04
5 524.19 672.21 506.26 705.82 576.99 735.60 580.76 723.11 562.52 677.00
7 907.89 487.15 913.71 452.21 880.78 426.76 862.83 441.73 860.91 460.87 864.65 482.25 884.59 499.86
8 307.96 455.12 279.15 450.41 270.86 454.99 263.81 479.65 280.09 547.11 302.42 524.08 318.50 498.63 310.81 462.40
5 109.66 836.35 108.73 851.90 109.27 854.43 143.34 860.71 149.39 833.51
9 514.60 345.35 516.61 348.62 525.30 356.03 553.19 336.63 578.61 313.75 583.75 305.93 578.08 287.50 532.90 287.50 528.74 294.43
4 934.98 822.99 991.27 776.35 938.08 756.41 920.12 817.05
7 423.62 349.47 444.71 365.54 516.61 348.62 514.60 345.35 508.28 338.20 457.98 310.03 424.30 347.91
9 972.50 204.75 972.50 202.47 972.06 202.31 929.82 236.87 931.00 274.50 932.22 280.19 935.79 282.18 961.17 249.17 962.07 247.78
5 149.39 833.51 143.34 860.71 155.28 866.01 177.66 856.19 154.84 830.10
5 714.66 705.03 725.57 740.46 759.74 721.89 770.38 698.85 751.89 678.97
8 417.94 606.65 395.93 631.02 401.26 649.00 402.96 653.17 413.46 656.80 424.33 657.00 442.69 626.83 424.39 604.87
5 961.17 249.17 935.79 282.18 939.77 287.35 998.23 302.19 1011.00 299.00
5 54.28 194.50 60.86 205.75 103.29 201.77 106.57 190.69 61.90 166.12
5 743.23 309.39 730.98 294.34 666.19 315.94 672.00 328.63 728.55 342.76
6 484.64 271.60 494.57 271.16 502.56 231.19 492.23 227.74 462.95 226.38 467.23 253.43
7 133.04 590.41 128.96 592.31 88.70 652.70 91.15 674.15 131.11 679.23 186.15 645.65 203.14 626.32
6 573.03 632.89 562.52 677.00 580.76 723.11 620.22 704.44 641.60 652.68 614.19 640.94
7 567.26 215.75 539.75 244.88 536.35 261.22 577.43 280.29 582.28 265.29 579.99 218.86 577.46 217.68
6 530.66 1017.94 538.94 1017.94 586.99 966.78 582.20 922.45 578.10 923.63 515.72 972.65
4 353.72 177.39 328.04 145.60 297.95 140.13 281.48 213.51
6 480.14 790.86 488.78 786.71 505.11 753.30 470.09 722.94 442.81 750.87 448.24 773.03
4 288.53 79.59 277.85 97.90 297.85 110.63 304.29 96.28
6 109.27 854.43 108.73 851.90 57.88 843.88 55.85 906.77 68.92 906.24 94.99 893.54
7 775.54 464.11 771.01 442.13 767.84 437.54 750.82 444.18 717.64 477.36 727.51 498.81 765.36 481.07
5 550.38 119.62 589.87 113.39 581.69 59.59 581.40 59.43 548.79 95.88
7 546.08 94.31 497.69 110.44 506.69 130.16 518.22 133.29 547.80 122.20 550.38 119.62 548.79 95.88
8 522.78 885.93 527.70 869.63 519.11 862.44 502.54 863.27 467.60 879.29 467.22 895.37 469.58 895.91 500.50 894.50
5 156.18 475.60 151.08 445.00 137.39 439.76 108.70 454.36 108.22 490.59
8 64.49 623.82 -14.88 629.49 -14.88 633.11 65.47 689.00 70.45 687.37 86.65 679.69 91.15 674.15 88.70 652.70
7 209.88 623.61 223.80 602.35 224.81 599.91 179.84 541.09 161.24 541.95 133.04 590.41 203.14 626.32
5 759.80 66.78 750.04 112.68 755.58 113.27 823.24 91.62 763.50 61.75
7 621.57 257.07 610.55 260.57 643.56 310.09 656.03 311.44 659.25 310.78 659.55 305.61 653.74 276.98
5 819.39 331.92 798.48 291.84 761.46 316.53 770.06 342.99 779.64 342.17
5 456.27 676.16 468.01 637.43 462.87 627.42 442.69 626.83 424.33 657.00
4 715.23 18.92 750.77 35.26 776.45 -18.94 689.80 -18.94
5 27.92 95.69 27.49 95.70 25.11 136.14 58.80 140.35 58.64 138.69
7 439.38 840.02 406.04 858.08 402.04 881.00 423.45 903.43 446.35 918.85 467.22 895.37 467.60 879.29
7 905.07 619.79 899.52 589.83 854.95 575.64 840.65 586.89 822.33 607.18 821.43 612.11 867.16 667.17
5 484.15 532.24 532.63 555.91 557.08 534.34 536.98 498.16 490.41 505.64
4 986.80 375.01 985.75 381.58 1018.88 436.80 1018.88 371.67
10 649.44 831.29 668.74 836.43 672.40 835.99 712.41 807.52 728.68 784.95 729.06 784.18 717.21 756.19 679.39 748.28 613.75 802.51 614.91 807.90
6 186.15 645.65 200.77 685.86 231.97 681.70 240.96 668.02 209.88 623.61 203.14 626.32
6 91.15 674.15 86.65 679.69 110.42 758.49 160.33 741.12 168.97 716.35 131.11 679.23
7 249.87 363.32 250.56 375.51 292.06 383.81 297.51 377.93 307.86 346.10 307.37 345.78 250.49 363.02
7 319.94 -0.72 322.28 3.58 379.01 46.13 407.90 44.21 408.32 43.37 373.70 -18.94 321.94 -18.94
6 860.88 982.46 848.42 951.31 831.83 949.80 817.11 971.50 835.50 1017.94 836.39 1017.94
8 883.88 510.31 937.27 557.41 943.69 554.38 949.93 516.93 923.33 490.33 918.76 488.26 907.89 487.15 884.59 499.86
7 578.10 923.63 582.20 922.45 592.06 911.77 573.70 859.06 527.70 869.63 522.78 885.93 525.75 908.36
6 673.91 624.26 670.26 632.36 697.37 648.31 739.86 632.23 716.12 603.75 711.83 602.03
7 437.55 787.62 430.71 807.00 439.85 839.34 451.59 834.61 468.51 822.10 480.14 790.86 448.24 773.03
5 635.62 993.76 635.31 972.31 586.99 966.78 538.94 1017.94 632.26 1017.94
9 251.60 809.38 225.01 861.42 226.75 864.45 241.41 876.69 249.75 874.97 277.95 853.98 290.38 829.85 290.72 817.42 268.69 794.54
6 396.64 290.47 382.16 316.38 389.06 362.37 423.62 349.47 424.30 347.91 412.20 311.59
4 133.58 898.95 105.34 898.25 136.74 948.48 158.53 934.29
5 357.65 696.67 375.39 741.61 408.56 708.44 367.24 691.05 360.30 692.91
6 706.36 70.90 701.67 77.00 696.04 126.11 715.94 137.81 750.04 112.68 759.80 66.78
5 751.63 665.29 800.28 643.40 811.89 619.17 753.11 623.00 741.44 632.51
5 108.97 308.16 71.61 311.03 103.66 344.97 107.37 344.24 115.13 328.19
6 382.22 421.07 395.63 394.25 386.86 364.71 372.01 364.89 343.32 399.32 333.60 425.23
8 927.94 115.47 930.77 113.87 942.53 97.87 944.64 94.18 938.56 79.07 907.98 61.67 885.01 61.15 867.09 85.05
5 570.95 156.92 547.80 122.20 518.22 133.29 537.79 166.21 544.07 168.97
6 422.07 535.51 474.22 543.53 477.96 538.52 409.28 490.44 395.97 508.96 396.86 527.52
6 176.80 438.67 160.87 412.12 142.05 412.98 137.39 439.76 151.08 445.00 175.75 445.00
6 215.19 -18.94 186.82 -18.94 180.19 20.87 192.40 39.65 202.73 37.07 214.91 -11.64
7 441.60 274.53 433.49 269.52 392.28 262.31 391.94 262.54 396.83 288.35 443.01 302.78 456.16 304.50
9 886.18 821.44 870.26 864.06 870.28 864.50 917.33 903.85 920.83 905.79 962.44 867.71 934.98 822.99 920.12 817.05 893.15 816.70
7 725.57 740.46 717.21 756.19 729.06 784.18 770.46 785.98 782.20 753.26 779.21 745.79 759.74 721.89
5 712.41 807.52 672.40 835.99 729.28 877.60 731.20 877.33 745.73 849.72
6 118.67 983.00 78.91 983.00 70.25 986.74 46.67 1012.35 42.72 1017.94 120.81 1017.94
5 750.99 398.05 720.21 415.93 750.82 444.18 767.84 437.54 769.72 430.15
5 659.70 256.90 648.79 229.01 634.50 225.20 634.50 243.00 654.39 272.83
6 395.93 631.02 353.56 608.87 325.98 613.82 324.17 622.77 339.69 649.00 401.26 649.00
6 1012.95 191.77 942.53 97.87 930.77 113.87 967.88 199.23 972.06 202.31 972.50 202.47
8 395.26 885.99 402.04 881.00 406.04 858.08 358.77 819.11 357.35 819.26 342.76 836.97 352.36 892.20 356.20 897.26
6 128.96 592.31 88.65 554.60 81.01 560.75 56.45 604.42 64.49 623.82 88.70 652.70
10 620.22 704.44 580.76 723.11 576.99 735.60 575.38 747.00 578.40 755.06 613.75 802.51 679.39 748.28 668.95 722.42 664.31 718.23 652.15 710.83
4 827.08 902.27 831.83 949.80 848.42 951.31 858.01 943.52
6 358.77 819.11 406.04 858.08 439.38 840.02 439.85 839.34 430.71 807.00 383.26 784.22
7 161.24 541.95 139.90 522.16 109.55 507.21 90.85 529.10 88.65 554.60 128.96 592.31 133.04 590.41
6 205.44 754.23 168.50 775.54 187.82 806.13 194.98 809.99 217.48 782.08 221.31 765.62
5 929.82 236.87 972.06 202.31 967.88 199.23 906.50 196.50 906.50 222.67
4 229.50 934.00 172.53 934.00 180.93 961.71 183.21 964.86
5 70.99 372.14 67.53 428.65 86.06 434.65 117.27 390.59 75.56 371.13
6 468.51 822.10 510.43 834.68 519.50 811.10 519.50 809.75 488.78 786.71 480.14 790.86
5 199.21 504.66 194.22 524.61 241.73 531.81 243.77 503.18 205.21 501.34
4 249.10 381.59 276.22 431.33 292.06 383.81 250.56 375.51
3 60.11 87.10 27.92 95.69 58.64 138.69
6 822.06 454.01 860.91 460.87 862.83 441.73 832.96 420.98 821.59 432.83 813.65 448.70
5 14.70 212.11 53.88 244.17 60.86 205.75 54.28 194.50 52.12 194.50
6 242.87 910.85 230.31 933.92 236.88 1017.94 296.95 1017.94 307.30 991.15 297.96 945.79
5 825.79 532.79 803.93 510.93 783.83 528.88 788.31 533.50 823.50 533.50
4 943.93 52.57 1018.88 -2.82 1018.88 -18.94 933.89 -18.94
7 774.61 527.93 783.83 528.88 803.93 510.93 805.00 509.17 804.51 503.89 793.10 488.10 782.03 490.87
5 156.02 891.60 151.98 888.44 133.58 898.95 158.53 934.29 164.90 933.02
4 752.69 889.61 774.94 928.97 819.72 901.47 793.32 857.82
7 518.22 133.29 506.69 130.16 475.92 168.82 495.89 183.79 499.76 185.36 521.00 183.00 537.79 166.21
5 272.89 564.98 280.09 547.11 263.81 479.65 243.77 503.18 241.73 531.81
6 356.20 897.26 352.36 892.20 319.70 876.64 303.07 891.93 316.18 917.45 346.71 914.13
4 751.28 603.45 761.92 573.90 740.75 547.43 732.77 592.66
9 674.56 138.23 656.12 191.50 671.80 203.50 709.17 180.85 721.91 156.70 722.36 153.71 715.94 137.81 696.04 126.11 687.49 126.44
7 645.33 952.26 644.74 953.74 680.67 989.67 688.73 991.68 697.39 970.02 691.64 944.11 673.68 940.76
6 81.01 560.75 88.65 554.60 90.85 529.10 37.56 525.29 37.11 529.74 48.87 555.39
7 195.95 394.47 188.05 403.54 176.80 438.67 175.75 445.00 182.09 449.88 216.91 429.31 206.93 400.81
7 932.01 749.58 931.10 747.78 881.51 705.43 875.63 705.08 875.22 705.44 867.37 723.63 891.80 793.44
6 290.72 817.42 333.58 801.54 306.27 751.79 301.98 748.07 272.14 777.30 268.69 794.54
6 751.63 665.29 741.44 632.51 739.86 632.23 697.37 648.31 704.20 669.77 750.54 675.12
4 48.87 555.39 37.11 529.74 5.53 579.08 37.61 589.18
6 110.42 758.49 86.65 679.69 70.45 687.37 64.05 796.14 103.49 795.66 108.59 790.92
6 670.57 851.07 685.78 892.90 713.89 899.59 729.28 877.60 672.40 835.99 668.74 836.43
4 441.98 176.54 479.61 101.28 419.37 134.32 415.12 162.38
6 64.49 623.82 56.45 604.42 37.61 589.18 5.53 579.08 -14.88 581.41 -14.88 629.49
6 318.74 90.98 304.29 96.28 297.85 110.63 296.79 129.73 338.15 110.14 338.86 103.91
6 678.73 416.88 598.85 406.09 609.44 451.32 624.38 456.78 673.60 427.52 680.33 421.10
6 535.27 211.54 518.15 218.48 509.10 229.55 539.75 244.88 567.26 215.75 560.77 212.11
8 60.11 87.10 68.98 74.80 64.49 62.31 30.79 48.97 -14.88 42.45 -14.88 75.76 27.49 95.70 27.92 95.69
6 1012.95 191.77 972.50 202.47 972.50 204.75 996.62 265.06 1018.88 295.97 1018.88 191.09
5 782.03 490.87 793.10 488.10 797.65 473.15 775.54 464.11 765.36 481.07
5 668.94 679.11 655.77 646.18 641.60 652.68 620.22 704.44 652.15 710.83
7 776.31 379.20 794.06 378.29 801.11 369.01 779.64 342.17 770.06 342.99 754.82 372.79 755.45 373.99
8 107.69 215.78 110.45 218.32 152.18 225.47 177.85 207.82 176.88 206.66 115.30 180.27 106.57 190.69 103.29 201.77
8 656.12 145.91 674.56 138.23 687.49 126.44 644.89 99.73 614.18 116.86 614.44 117.94 625.06 136.83 629.00 139.12
5 56.77 256.99 107.69 215.78 103.29 201.77 60.86 205.75 53.88 244.17
5 803.64 470.26 797.65 473.15 793.10 488.10 804.51 503.89 820.50 481.50
6 582.52 844.71 614.91 807.90 613.75 802.51 578.40 755.06 519.50 809.75 519.50 811.10
5 381.70 59.14 379.01 46.13 322.28 3.58 324.15 12.63 354.33 81.04
6 341.88 548.74 302.42 524.08 280.09 547.11 272.89 564.98 273.26 570.84 310.57 591.23
5 944.64 94.18 942.53 97.87 1012.95 191.77 1018.88 191.09 1018.88 92.08
6 506.90 664.29 463.76 690.39 462.98 698.20 469.81 715.27 506.26 705.82 524.19 672.21
7 881.51 705.43 949.95 673.11 966.29 651.81 965.01 649.75 905.07 619.79 867.16 667.17 875.63 705.08
7 612.11 915.72 592.06 911.77 582.20 922.45 586.99 966.78 635.31 972.31 644.74 953.74 645.33 952.26
6 772.33 166.91 722.36 153.71 721.91 156.70 758.44 225.21 763.92 229.32 784.24 199.22
7 409.28 490.44 410.96 487.12 391.87 451.32 358.56 458.61 378.50 498.50 384.66 504.66 395.97 508.96
5 490.41 505.64 536.98 498.16 554.27 476.54 506.90 434.25 470.05 462.65
5 614.18 116.86 590.60 114.03 584.83 153.27 607.71 165.04 614.44 117.94
6 973.57 421.16 985.75 381.58 986.80 375.01 965.47 362.11 957.69 389.35 961.27 412.04
4 499.76 185.36 518.15 218.48 535.27 211.54 521.00 183.00
6 456.52 304.84 457.98 310.03 508.28 338.20 502.42 275.68 494.57 271.16 484.64 271.60
7 875.22 705.44 875.63 705.08 867.16 667.17 821.43 612.11 811.89 619.17 800.28 643.40 796.34 694.56
6 957.90 512.30 949.93 516.93 943.69 554.38 989.83 560.98 1018.88 554.78 1018.88 519.92
7 108.59 790.92 103.49 795.66 109.66 836.35 149.39 833.51 154.84 830.10 155.80 817.57 112.90 791.17
8 202.73 37.07 192.40 39.65 148.45 74.40 145.00 104.36 145.09 104.62 202.56 116.72 225.09 66.36 209.28 40.77
5 324.68 380.68 312.54 346.27 307.86 346.10 297.51 377.93 315.26 397.16
6 808.38 228.88 853.98 248.42 855.28 247.28 853.64 229.82 821.29 213.64 808.98 227.07
9 328.31 429.78 315.26 397.16 297.51 377.93 292.06 383.81 276.22 431.33 278.02 445.45 279.15 450.41 307.96 455.12 314.38 450.68
6 340.81 277.70 381.30 260.94 361.84 229.11 281.45 226.13 285.24 249.88 293.00 259.31
4 964.29 947.81 962.10 1017.94 1018.88 1017.94 1018.88 914.81
5 387.13 960.51 423.45 903.43 402.04 881.00 395.26 885.99 381.99 957.66
6 424.39 604.87 442.69 626.83 462.87 627.42 478.54 589.80 468.59 574.49 439.83 583.72
6 389.95 555.53 384.61 575.08 417.94 606.65 424.39 604.87 439.83 583.72 434.73 579.79
4 250.49 363.02 307.37 345.78 293.00 322.70 270.31 323.38
5 537.79 166.21 521.00 183.00 535.27 211.54 560.77 212.11 544.07 168.97
4 653.94 14.72 633.37 56.46 633.73 57.18 695.26 72.57
5 462.87 627.42 468.01 637.43 496.81 641.41 500.05 599.36 478.54 589.80
7 468.49 462.19 410.96 487.12 409.28 490.44 477.96 538.52 484.15 532.24 490.41 505.64 470.05 462.65
6 37.19 804.81 -14.88 823.48 -14.88 909.58 51.29 908.35 55.85 906.77 57.88 843.88
7 784.24 199.22 763.92 229.32 768.31 248.16 776.00 252.00 808.38 228.88 808.98 227.07 796.34 198.63
5 441.60 274.53 456.16 304.50 456.52 304.84 484.64 271.60 467.23 253.43
5 848.42 951.31 860.88 982.46 893.15 957.57 869.26 943.07 858.01 943.52
7 656.12 191.50 619.26 191.50 609.68 207.82 634.50 225.20 648.79 229.01 672.00 212.43 671.80 203.50
5 67.53 428.65 70.99 372.14 -8.49 321.04 -14.88 322.07 -14.88 457.61
6 260.92 62.59 225.09 66.36 202.56 116.72 222.68 131.69 245.03 121.53 254.96 104.26
6 303.07 891.93 249.75 874.97 241.41 876.69 242.87 910.85 297.96 945.79 316.18 917.45
9 783.83 528.88 774.61 527.93 736.00 533.62 735.30 536.74 740.75 547.43 761.92 573.90 798.97 587.45 790.09 536.42 788.31 533.50
6 456.16 304.50 443.01 302.78 412.20 311.59 424.30 347.91 457.98 310.03 456.52 304.84
5 526.29 264.57 536.35 261.22 539.75 244.88 509.10 229.55 508.86 229.71
4 65.47 689.00 -14.88 633.11 -14.88 714.38 25.10 712.77
7 389.18 168.22 369.99 140.67 357.95 130.15 342.62 121.30 328.04 145.60 353.72 177.39 369.26 177.18
4 816.27 748.39 798.82 726.18 779.21 745.79 782.20 753.26
7 869.26 943.07 893.15 957.57 896.48 957.04 921.10 907.79 920.83 905.79 917.33 903.85 865.76 922.06
7 651.91 577.75 669.61 566.68 661.87 556.07 613.13 535.02 600.62 544.41 596.03 583.12 598.54 584.02
7 633.73 57.18 633.37 56.46 581.69 59.59 589.87 113.39 590.60 114.03 614.18 116.86 644.89 99.73
7 550.38 119.62 547.80 122.20 570.95 156.92 574.59 157.36 584.83 153.27 590.60 114.03 589.87 113.39
6 245.83 725.26 224.29 713.36 195.37 720.90 205.44 754.23 221.31 765.62 228.93 763.29
7 668.37 633.09 670.26 632.36 673.91 624.26 671.27 567.61 669.61 566.68 651.91 577.75 636.65 606.07
10 607.71 165.04 584.83 153.27 574.59 157.36 577.46 217.68 579.99 218.86 608.46 208.58 609.68 207.82 619.26 191.50 617.83 176.49 613.71 170.86
6 361.84 229.11 369.26 177.18 353.72 177.39 281.48 213.51 278.12 217.44 281.45 226.13
6 619.37 516.85 613.13 535.02 661.87 556.07 673.53 518.53 651.59 496.59 639.24 497.40
7 823.24 91.62 824.50 91.83 836.68 45.14 833.83 43.00 772.20 43.00 763.50 48.30 763.50 61.75
5 668.95 722.42 703.62 696.41 699.97 684.23 682.81 684.95 664.31 718.23
3 188.05 403.54 160.87 412.12 176.80 438.67
7 967.88 716.81 931.10 747.78 932.01 749.58 938.08 756.41 991.27 776.35 1018.88 772.69 1018.88 750.32
4 817.11 971.50 778.64 947.46 761.01 1017.94 835.50 1017.94
7 68.92 906.24 55.85 906.77 51.29 908.35 53.66 921.39 68.04 962.48 92.09 952.86 95.64 947.54
5 388.37 543.59 389.95 555.53 434.73 579.79 422.07 535.51 396.86 527.52
6 283.64 35.03 319.94 -0.72 321.94 -18.94 215.19 -18.94 214.91 -11.64 242.71 30.07
5 207.34 1017.94 236.88 1017.94 230.31 933.92 229.50 934.00 183.21 964.86
5 961.27 412.04 957.69 389.35 934.73 394.45 939.80 407.96 946.40 409.91
6 989.83 560.98 960.87 621.31 965.01 649.75 966.29 651.81 1018.88 652.33 1018.88 554.78
6 813.10 193.64 823.09 181.87 793.62 153.81 772.33 166.91 784.24 199.22 796.34 198.63
5 826.78 508.23 805.00 509.17 803.93 510.93 825.79 532.79 836.87 534.17
5 414.25 982.20 453.34 947.22 446.35 918.85 423.45 903.43 387.13 960.51
7 554.27 476.54 566.84 472.61 567.36 472.27 559.47 401.19 535.10 388.85 511.47 424.30 506.90 434.25
5 502.42 275.68 508.28 338.20 514.60 345.35 528.74 294.43 503.42 275.44
7 675.07 383.58 612.45 374.64 611.64 375.59 596.14 403.15 598.85 406.09 678.73 416.88 678.96 396.52
4 83.11 28.80 79.24 -17.64 30.79 48.97 64.49 62.31
5 510.90 -5.90 521.08 13.65 572.11 21.63 588.07 -18.94 509.51 -18.94
5 960.87 621.31 928.50 572.75 899.52 589.83 905.07 619.79 965.01 649.75
5 439.85 839.34 439.38 840.02 467.60 879.29 502.54 863.27 451.59 834.61
5 651.59 496.59 651.87 496.34 673.60 427.52 624.38 456.78 639.24 497.40
4 122.54 130.46 115.30 180.27 176.88 206.66 141.73 111.27
7 495.89 183.79 492.23 227.74 502.56 231.19 508.86 229.71 509.10 229.55 518.15 218.48 499.76 185.36
9 724.53 545.40 735.30 536.74 736.00 533.62 728.06 515.50 673.53 518.53 661.87 556.07 669.61 566.68 671.27 567.61 672.39 567.41
7 296.95 1017.94 415.33 1017.94 414.25 982.20 387.13 960.51 381.99 957.66 364.90 955.29 307.30 991.15
6 354.33 81.04 324.15 12.63 318.74 90.98 338.86 103.91 350.74 94.55 355.24 84.50
8 827.05 902.18 819.72 901.47 774.94 928.97 772.75 934.70 778.64 947.46 817.11 971.50 831.83 949.80 827.08 902.27
6 939.80 407.96 934.73 394.45 926.94 384.93 895.46 404.75 910.08 413.74 931.99 414.89
5 673.60 427.52 651.87 496.34 709.90 471.47 680.65 421.32 680.33 421.10
6 525.81 360.74 525.30 356.03 516.61 348.62 444.71 365.54 451.22 398.10 460.38 396.43
3 656.12 145.91 629.00 139.12 629.00 166.25
7 823.09 181.87 869.24 169.63 874.28 164.28 876.08 153.07 831.67 114.39 799.57 139.27 793.62 153.81
4 917.33 903.85 870.28 864.50 830.16 900.69 865.76 922.06
8 172.53 934.00 229.50 934.00 230.31 933.92 242.87 910.85 241.41 876.69 226.75 864.45 185.96 897.59 171.65 933.37
5 496.81 641.41 503.45 648.78 551.39 606.48 540.05 597.93 500.05 599.36
4 228.08 293.56 237.13 327.31 266.38 322.44 248.08 282.19
6 140.30 261.09 113.32 258.46 97.01 268.49 115.70 297.69 124.67 296.90 149.60 275.37
6 895.46 404.75 889.21 404.86 880.78 426.76 913.71 452.21 923.92 443.41 910.08 413.74
5 946.40 409.91 939.80 407.96 931.99 414.89 933.51 440.75 938.45 441.68
5 554.61 55.74 518.44 31.63 487.57 75.12 489.55 78.45 520.46 75.09
5 70.45 687.37 65.47 689.00 25.10 712.77 41.32 801.07 64.05 796.14
5 438.69 4.12 433.47 -18.94 373.70 -18.94 408.32 43.37 435.35 13.76
7 711.83 602.03 716.12 603.75 732.77 592.66 740.75 547.43 735.30 536.74 724.53 545.40 710.69 596.14
7 515.72 972.65 506.46 960.56 504.36 959.63 453.34 947.22 414.25 982.20 415.33 1017.94 530.66 1017.94
5 688.73 991.68 680.67 989.67 635.62 993.76 632.26 1017.94 691.82 1017.94
4 630.49 604.26 636.65 606.07 651.91 577.75 598.54 584.02
8 682.81 684.95 699.97 684.23 704.20 669.77 697.37 648.31 670.26 632.36 668.37 633.09 655.77 646.18 668.94 679.11
6 61.90 166.12 106.57 190.69 115.30 180.27 122.54 130.46 61.52 142.87 60.05 155.47
4 92.09 952.86 68.04 962.48 70.25 986.74 78.91 983.00
7 746.48 369.51 754.82 372.79 770.06 342.99 761.46 316.53 743.23 309.39 728.55 342.76 738.23 361.00
4 171.65 933.37 185.96 897.59 156.02 891.60 164.90 933.02
4 738.23 361.00 728.55 342.76 672.00 328.63 676.26 361.00
6 505.11 753.30 575.38 747.00 576.99 735.60 506.26 705.82 469.81 715.27 470.09 722.94
6 105.34 898.25 94.99 893.54 68.92 906.24 95.64 947.54 128.84 963.16 136.74 948.48
7 792.32 424.05 787.22 420.65 769.72 430.15 767.84 437.54 771.01 442.13 808.97 451.62 810.89 450.04
3 724.53 545.40 672.39 567.41 710.69 596.14
5 624.38 456.78 609.44 451.32 579.62 471.68 619.37 516.85 639.24 497.40
6 804.51 503.89 805.00 509.17 826.78 508.23 845.34 486.18 828.17 481.50 820.50 481.50
6 867.37 723.63 837.78 753.22 840.42 798.07 886.18 821.44 893.15 816.70 891.80 793.44
7 194.22 524.61 199.21 504.66 184.44 479.61 166.31 482.53 139.90 522.16 161.24 541.95 179.84 541.09
7 179.57 305.29 183.50 291.64 149.60 275.37 124.67 296.90 143.51 322.02 145.99 322.80 167.03 316.64
8 819.72 901.47 827.05 902.18 830.16 900.69 870.28 864.50 870.26 864.06 799.27 826.35 792.33 837.80 793.32 857.82
5 611.64 375.59 612.45 374.64 613.45 368.92 578.61 313.75 553.19 336.63
6 778.64 947.46 772.75 934.70 738.79 943.60 733.67 994.76 743.46 1017.94 761.01 1017.94
8 799.27 826.35 799.58 823.13 780.75 793.84 770.46 785.98 729.06 784.18 728.68 784.95 760.97 841.45 792.33 837.80
7 832.98 341.30 848.47 344.88 857.91 332.80 835.04 266.73 800.51 276.51 798.48 291.84 819.39 331.92
7 582.52 844.71 573.70 859.06 592.06 911.77 612.11 915.72 634.08 894.46 649.44 831.29 614.91 807.90
6 824.50 91.83 827.04 96.49 867.09 85.05 885.01 61.15 839.11 44.10 836.68 45.14
8 743.23 309.39 761.46 316.53 798.48 291.84 800.51 276.51 776.00 252.00 768.31 248.16 737.82 268.66 730.98 294.34
6 357.35 819.26 333.58 801.54 290.72 817.42 290.38 829.85 335.81 841.20 342.76 836.97
6 659.25 310.78 666.19 315.94 730.98 294.34 737.82 268.66 706.86 250.41 659.55 305.61
5 934.98 822.99 962.44 867.71 1018.88 869.51 1018.88 772.69 991.27 776.35
5 322.24 855.68 277.95 853.98 249.75 874.97 303.07 891.93 319.70 876.64
5 14.70 212.11 52.12 194.50 15.00 178.00 -14.88 178.00 -14.88 204.53
5 961.84 357.50 998.23 302.19 939.77 287.35 929.17 327.27 943.59 354.85
6 167.03 316.64 145.99 322.80 135.23 364.02 141.27 374.88 161.49 371.40 165.58 354.46
6 510.43 834.68 519.11 862.44 527.70 869.63 573.70 859.06 582.52 844.71 519.50 811.10
5 709.90 471.47 717.64 477.36 750.82 444.18 720.21 415.93 680.65 421.32
8 676.26 361.00 672.00 328.63 666.19 315.94 659.25 310.78 656.03 311.44 613.45 368.92 612.45 374.64 675.07 383.58
6 596.03 583.12 567.51 613.16 573.03 632.89 614.19 640.94 630.49 604.26 598.54 584.02
4 335.81 841.20 290.38 829.85 277.95 853.98 322.24 855.68
6 272.14 777.30 301.98 748.07 301.36 742.81 275.80 721.66 245.83 725.26 228.93 763.29
4 635.31 972.31 635.62 993.76 680.67 989.67 644.74 953.74
6 920.83 905.79 921.10 907.79 964.29 947.81 1018.88 914.81 1018.88 869.51 962.44 867.71
5 966.29 651.81 949.95 673.11 967.88 716.81 1018.88 750.32 1018.88 652.33
7 135.23 364.02 107.37 344.24 103.66 344.97 75.56 371.13 117.27 390.59 133.98 387.04 141.27 374.88
5 583.75 305.93 578.61 313.75 613.45 368.92 656.03 311.44 643.56 310.09
8 133.98 387.04 142.05 412.98 160.87 412.12 188.05 403.54 195.95 394.47 191.00 382.39 161.49 371.40 141.27 374.88
6 700.77 237.64 713.69 220.41 709.17 180.85 671.80 203.50 672.00 212.43 687.35 234.06
4 528.74 294.43 532.90 287.50 522.72 268.42 503.42 275.44
6 275.80 721.66 268.93 675.25 240.96 668.02 231.97 681.70 224.29 713.36 245.83 725.26
5 352.36 892.20 342.76 836.97 335.81 841.20 322.24 855.68 319.70 876.64
4 278.02 445.45 276.22 431.33 249.10 381.59 222.36 396.75
